0 0.07265625 0.98359375 0.034375 0.0328125
0 0.09296875 0.9609375 0.040625 0.07734375
0 0.13359375 0.92890625 0.0578125 0.1421875
0 0.94375 0.5484375 0.01953125 0.06953125
0 0.96015625 0.56015625 0.0203125 0.07265625
0 0.9609375 0.490625 0.015625 0.05078125
1 0.97734375 0.5484375 0.021875 0.03359375
1 0.98671875 0.49296875 0.01484375 0.02734375
1 0.94296875 0.49296875 0.021875 0.02890625
1 0.93359375 0.52421875 0.01484375 0.02734375
1 0.98984375 0.5484375 0.0140625 0.0421875
1 0.48046875 0.9484375 0.0578125 0.103125