0 0.34140625 0.496875 0.1375 0.16328125
0 0.44375 0.490625 0.0265625 0.05
0 0.46640625 0.49765625 0.0203125 0.0359375
0 0.50859375 0.69140625 0.025 0.0890625
0 0.53984375 0.69609375 0.01953125 0.09296875
0 0.59375 0.65703125 0.04453125 0.05
0 0.2328125 0.69140625 0.01640625 0.04375
0 0.2546875 0.690625 0.02578125 0.05390625
0 0.27109375 0.69140625 0.01953125 0.053125
0 0.29375 0.6953125 0.034375 0.05
0 0.265625 0.496875 0.0203125 0.05
1 0.371875 0.68125 0.02734375 0.05
1 0.58203125 0.703125 0.0546875 0.07421875
1 0.6296875 0.6984375 0.04453125 0.06875