0 0.378125 0.47734375 0.11875 0.23984375
0 0.48046875 0.50859375 0.02734375 0.05078125
0 0.503125 0.515625 0.02109375 0.03828125
0 0.54609375 0.709375 0.025 0.0890625
0 0.57890625 0.7140625 0.01953125 0.09296875
0 0.63203125 0.67421875 0.04453125 0.05
0 0.2703125 0.709375 0.015625 0.04140625
0 0.29140625 0.709375 0.025 0.053125
0 0.30859375 0.709375 0.01875 0.0515625
0 0.33125 0.7140625 0.034375 0.05078125
1 0.41015625 0.7 0.02578125 0.0484375
1 0.6203125 0.72109375 0.0546875 0.075
1 0.66875 0.715625 0.04453125 0.06875
0 0.3015625 0.50625 0.01953125 0.03828125
0 0.31875 0.52109375 0.01953125 0.0390625