0 0.35625 0.496875 0.1375 0.16328125
0 0.45859375 0.48984375 0.0265625 0.05
0 0.48125 0.496875 0.0203125 0.0359375
0 0.52421875 0.68984375 0.02578125 0.0890625
0 0.55625 0.69453125 0.01953125 0.09375
0 0.609375 0.6546875 0.04453125 0.05
0 0.2484375 0.69296875 0.01640625 0.04453125
0 0.2703125 0.69140625 0.02578125 0.05390625
0 0.28671875 0.6921875 0.01953125 0.053125
0 0.309375 0.69609375 0.03515625 0.05078125
1 0.3875 0.68046875 0.02734375 0.05
1 0.59765625 0.7015625 0.05390625 0.07421875
1 0.64609375 0.696875 0.04453125 0.06953125