1 0.03984375 0.4484375 0.025 0.04375
1 0.4859375 0.89609375 0.03828125 0.065625
1 0.50078125 0.93203125 0.03359375 0.06953125
1 0.26171875 0.078125 0.01640625 0.02578125
1 0.29140625 0.14921875 0.01640625 0.03046875
1 0.3765625 0.0828125 0.0125 0.0234375
1 0.6578125 0.08828125 0.01328125 0.0234375
1 0.6703125 0.08359375 0.01640625 0.028125
0 0.0765625 0.446875 0.02890625 0.06171875
0 0.5 0.96015625 0.03203125 0.0796875
0 0.6828125 0.08046875 0.00859375 0.03984375
0 0.68984375 0.07890625 0.009375 0.02890625
0 0.696875 0.090625 0.01015625 0.03828125
0 0.2265625 0.0703125 0.0140625 0.0390625
0 0.26328125 0.14453125 0.015625 0.040625