1 0.4640625 0.52265625 0.109375 0.20703125
1 0.83046875 0.34765625 0.05625 0.09140625
1 0.69765625 0.46796875 0.03046875 0.05
1 0.70625 0.52421875 0.03125 0.0453125
1 0.675 0.51875 0.0328125 0.04453125
0 0.640625 0.503125 0.02578125 0.075
0 0.91640625 0.32734375 0.06015625 0.1265625
0 0.46640625 0.85 0.05078125 0.16328125
0 0.41171875 0.84765625 0.0609375 0.16328125
0 0.428125 0.7984375 0.04765625 0.1421875
0 0.475 0.8 0.04921875 0.1359375
0 0.609375 0.50390625 0.0171875 0.04921875
0 0.503125 0.4421875 0.02265625 0.065625
0 0.515625 0.5015625 0.021875 0.0578125
1 0.53515625 0.51328125 0.01171875 0.03828125