1 0.39609375 0.43984375 0.0703125 0.115625
1 0.67265625 0.42109375 0.0421875 0.08359375
1 0.29609375 0.69296875 0.05078125 0.040625
1 0.78125 0.5625 0.03046875 0.05390625
0 0.740625 0.41875 0.05546875 0.12421875
0 0.19375 0.709375 0.03984375 0.1203125
0 0.2546875 0.703125 0.0234375 0.08671875
0 0.215625 0.69609375 0.01484375 0.04609375
1 0.65546875 0.57890625 0.0125 0.04296875
1 0.65546875 0.5421875 0.0125 0.03046875
1 0.765625 0.6140625 0.025 0.0359375
1 0.78515625 0.6078125 0.03046875 0.03515625
1 0.803125 0.59765625 0.01953125 0.0328125