0 0.3375 0.4859375 0.13203125 0.16875
0 0.4375 0.49921875 0.02734375 0.05078125
0 0.46015625 0.50625 0.0203125 0.0359375
0 0.5015625 0.70078125 0.025 0.08828125
0 0.53359375 0.70546875 0.01953125 0.09296875
0 0.58671875 0.66640625 0.04453125 0.05
0 0.22578125 0.6984375 0.01640625 0.04375
0 0.24765625 0.696875 0.02578125 0.05390625
0 0.26484375 0.6984375 0.01953125 0.053125
0 0.2875 0.703125 0.034375 0.05078125
0 0.259375 0.5046875 0.0203125 0.05
1 0.365625 0.68984375 0.02734375 0.05
1 0.575 0.71328125 0.05390625 0.07421875
1 0.6234375 0.709375 0.0453125 0.0703125