0 0.39609375 0.53046875 0.14140625 0.16484375
0 0.48125 0.52109375 0.02890625 0.05390625
0 0.5046875 0.5296875 0.02109375 0.03671875
0 0.546875 0.7234375 0.02578125 0.0890625
0 0.57890625 0.73046875 0.01953125 0.09375
0 0.63203125 0.690625 0.04453125 0.05
0 0.2921875 0.72109375 0.025 0.053125
0 0.30859375 0.72109375 0.01875 0.0515625
0 0.33203125 0.7265625 0.03515625 0.05078125
1 0.41015625 0.71171875 0.02578125 0.04609375
1 0.6203125 0.7375 0.0546875 0.075
1 0.66875 0.73359375 0.04453125 0.06953125
0 0.3046875 0.51953125 0.01640625 0.04375
0 0.31953125 0.52890625 0.01796875 0.03046875
0 0.271875 0.71640625 0.02109375 0.04296875