0 0.33359375 0.46875 0.13671875 0.190625
0 0.4359375 0.50078125 0.0265625 0.05
0 0.45859375 0.5078125 0.0203125 0.0359375
0 0.49921875 0.7015625 0.025 0.0890625
0 0.53203125 0.70625 0.01953125 0.09296875
0 0.58515625 0.66796875 0.04453125 0.05
0 0.22421875 0.69921875 0.01640625 0.04375
0 0.24609375 0.69921875 0.02578125 0.05390625
0 0.2625 0.69921875 0.01953125 0.053125
0 0.2859375 0.70390625 0.03515625 0.05078125
0 0.2578125 0.50625 0.0203125 0.05
0 0.2734375 0.5125 0.01484375 0.04140625
1 0.3640625 0.690625 0.02734375 0.05
1 0.57265625 0.7140625 0.05390625 0.07421875
1 0.62109375 0.7109375 0.04453125 0.06953125