1 0.72890625 0.32578125 0.01796875 0.034375
1 0.70703125 0.32890625 0.01328125 0.03828125
1 0.70859375 0.2765625 0.0078125 0.0546875
1 0.65625 0.26640625 0.015625 0.040625
1 0.6671875 0.278125 0.02109375 0.03125
1 0.659375 0.309375 0.01171875 0.03828125
1 0.60234375 0.2765625 0.01171875 0.028125
1 0.6109375 0.31796875 0.01484375 0.03515625
1 0.2125 0.34375 0.04765625 0.07890625
0 0.61640625 0.259375 0.01796875 0.034375
0 0.63046875 0.2640625 0.01640625 0.04921875
0 0.6296875 0.315625 0.01484375 0.05390625
0 0.68359375 0.26796875 0.01328125 0.05078125
0 0.6890625 0.32890625 0.01484375 0.05859375
0 0.66484375 0.321875 0.01171875 0.0484375