0 0.3875 0.5 0.1296875 0.18515625
0 0.478125 0.50078125 0.02890625 0.05390625
0 0.50234375 0.51015625 0.02109375 0.03671875
0 0.54453125 0.70390625 0.02578125 0.08984375
0 0.5765625 0.709375 0.01953125 0.090625
0 0.6296875 0.67109375 0.04453125 0.05
0 0.26796875 0.6984375 0.015625 0.04140625
0 0.28984375 0.6984375 0.025 0.053125
0 0.30625 0.69921875 0.01953125 0.053125
0 0.32890625 0.70390625 0.034375 0.05
1 0.4078125 0.69140625 0.02421875 0.0453125
1 0.6171875 0.7171875 0.0546875 0.075
1 0.665625 0.7140625 0.0453125 0.0703125