1 0.10859375 0.2359375 0.04921875 0.0859375
1 0.5015625 0.1765625 0.0171875 0.0609375
1 0.56484375 0.16484375 0.02734375 0.05
1 0.62890625 0.21953125 0.02265625 0.03203125
1 0.609375 0.2140625 0.0125 0.0453125
1 0.6125 0.171875 0.0125 0.03515625
0 0.51953125 0.14765625 0.015625 0.053125
0 0.5265625 0.1953125 0.0140625 0.04609375
0 0.58515625 0.16328125 0.01328125 0.05859375
0 0.5875 0.2140625 0.01484375 0.04921875
0 0.5671875 0.2203125 0.01328125 0.05546875
0 0.53671875 0.15390625 0.01484375 0.04375