0 0.60234375 0.2140625 0.0171875 0.046875
0 0.61796875 0.21484375 0.01796875 0.05546875
0 0.6125 0.2609375 0.01015625 0.03828125
0 0.6 0.2546875 0.01171875 0.03125
1 0.1953125 0.30078125 0.05078125 0.07890625
1 0.58359375 0.2375 0.01328125 0.04921875
1 0.58515625 0.26796875 0.01328125 0.03203125
1 0.59921875 0.271875 0.01640625 0.028125
1 0.64765625 0.2296875 0.025 0.0390625
1 0.6359375 0.2625 0.01875 0.034375
1 0.7125 0.28515625 0.0171875 0.03671875
1 0.68828125 0.284375 0.01171875 0.03671875
1 0.69296875 0.22890625 0.01328125 0.04140625
0 0.66796875 0.22421875 0.015625 0.05546875
0 0.6515625 0.26953125 0.01328125 0.0453125
0 0.66875 0.278125 0.01328125 0.04296875