0 0.3734375 0.484375 0.14140625 0.17890625
0 0.46953125 0.496875 0.02734375 0.05078125
0 0.4921875 0.50390625 0.02109375 0.03671875
0 0.53515625 0.6984375 0.02578125 0.08984375
0 0.56640625 0.70390625 0.01953125 0.09296875
0 0.6203125 0.6640625 0.04453125 0.05
0 0.25859375 0.69609375 0.01640625 0.04296875
0 0.28046875 0.69609375 0.025 0.053125
0 0.296875 0.696875 0.01953125 0.053125
0 0.31953125 0.70078125 0.034375 0.05
1 0.39765625 0.68828125 0.02578125 0.0484375
1 0.6078125 0.71015625 0.05390625 0.07421875
1 0.65703125 0.70625 0.04453125 0.06953125