1 0.10390625 0.8625 0.03828125 0.07265625
1 0.1375 0.8171875 0.0515625 0.046875
1 0.18203125 0.70625 0.046875 0.046875
1 0.2046875 0.66015625 0.04375 0.0328125
1 0.21953125 0.7109375 0.02890625 0.0265625
0 0.17421875 0.83125 0.01953125 0.053125
0 0.19375 0.8265625 0.02890625 0.05078125
0 0.22734375 0.8484375 0.02421875 0.11171875
0 0.25 0.84375 0.03046875 0.10703125
0 0.27265625 0.82109375 0.03359375 0.04296875
0 0.28984375 0.64609375 0.05234375 0.14296875
0 0.30390625 0.58359375 0.01875 0.0453125
0 0.3453125 0.6765625 0.0328125 0.09296875
0 0.321875 0.86328125 0.03515625 0.121875
0 0.35078125 0.85390625 0.034375 0.096875
0 0.37421875 0.85703125 0.03359375 0.090625
0 0.40546875 0.8515625 0.03359375 0.115625
0 0.4359375 0.85546875 0.03984375 0.11171875
0 0.475 0.44921875 0.11171875 0.2015625