0 0.3375 0.440625 0.0890625 0.2359375
0 0.2265625 0.70078125 0.01953125 0.046875
0 0.24453125 0.70078125 0.03203125 0.05625
0 0.265625 0.69921875 0.01953125 0.053125
0 0.28984375 0.69765625 0.03125 0.053125
0 0.49921875 0.6984375 0.02109375 0.07890625
0 0.52890625 0.70546875 0.0234375 0.0890625
0 0.43515625 0.496875 0.02578125 0.05
0 0.4609375 0.50234375 0.01796875 0.03984375
1 0.57265625 0.70703125 0.05703125 0.065625
1 0.62109375 0.7046875 0.04609375 0.059375
0 0.58828125 0.6671875 0.0421875 0.03046875
0 0.26015625 0.50625 0.01640625 0.04921875
0 0.2734375 0.5125 0.01484375 0.03984375