1 0.36640625 0.41640625 0.12421875 0.209375
1 0.8296875 0.3453125 0.05234375 0.08671875
1 0.69609375 0.46640625 0.03359375 0.0625
1 0.6734375 0.515625 0.02734375 0.0453125
1 0.70234375 0.5171875 0.0359375 0.04921875
0 0.9171875 0.33203125 0.05546875 0.1265625
0 0.41171875 0.84296875 0.05546875 0.16015625
0 0.46484375 0.8390625 0.05390625 0.1578125
0 0.478125 0.79765625 0.04375 0.1453125
0 0.42421875 0.79921875 0.04921875 0.1453125
0 0.3234375 0.63984375 0.05 0.134375
0 0.48203125 0.521875 0.02890625 0.08125
0 0.49921875 0.44609375 0.0296875 0.0703125
0 0.51015625 0.509375 0.02890625 0.0859375
0 0.51875 0.48828125 0.02734375 0.07890625
0 0.640625 0.50390625 0.02265625 0.0859375
0 0.61171875 0.50078125 0.01796875 0.04921875
0 0.6125 0.47109375 0.0125 0.040625