0 0.33359375 0.4609375 0.11875 0.20546875
0 0.43515625 0.5 0.0265625 0.05
0 0.4578125 0.50703125 0.0203125 0.0359375
0 0.49921875 0.70078125 0.025 0.08828125
0 0.53125 0.70546875 0.01953125 0.09296875
0 0.58515625 0.66640625 0.04453125 0.05
0 0.22421875 0.69921875 0.01640625 0.04453125
0 0.24609375 0.6984375 0.02578125 0.05390625
0 0.2625 0.6984375 0.01953125 0.053125
0 0.2859375 0.703125 0.03515625 0.05078125
0 0.2578125 0.50546875 0.0203125 0.05
0 0.2734375 0.5125 0.01484375 0.04140625
1 0.36328125 0.68984375 0.02734375 0.05
1 0.57265625 0.71328125 0.05390625 0.07421875
1 0.62109375 0.70859375 0.04453125 0.06875