0 0.61015625 0.21796875 0.015625 0.0390625
0 0.62578125 0.221875 0.01796875 0.05078125
0 0.62109375 0.27109375 0.01171875 0.0546875
0 0.60625 0.25390625 0.01015625 0.025
0 0.67890625 0.23359375 0.0125 0.05390625
0 0.6609375 0.2734375 0.01328125 0.04609375
0 0.67890625 0.28203125 0.01015625 0.04296875
1 0.2078125 0.3171875 0.04921875 0.08046875
1 0.59296875 0.24609375 0.01015625 0.03125
1 0.60546875 0.28359375 0.01640625 0.03046875
1 0.65859375 0.23125 0.02421875 0.03125
1 0.65078125 0.2640625 0.00859375 0.025
1 0.7140625 0.29140625 0.02890625 0.03203125