1 0.128125 0.24609375 0.04921875 0.0859375
1 0.51953125 0.1890625 0.0171875 0.0609375
1 0.58203125 0.1765625 0.02734375 0.05
1 0.64609375 0.23203125 0.02265625 0.03203125
0 0.51953125 0.14765625 0.015625 0.053125
0 0.58515625 0.16328125 0.01328125 0.05859375
0 0.5671875 0.2203125 0.01328125 0.05546875
0 0.55546875 0.165625 0.01484375 0.04375
0 0.53984375 0.16640625 0.01796875 0.05078125
0 0.54765625 0.215625 0.01015625 0.05078125
0 0.6015625 0.1671875 0.0109375 0.046875
0 0.58671875 0.22421875 0.0171875 0.053125
0 0.6015625 0.23125 0.01640625 0.059375