1 0.47421875 0.86796875 0.05390625 0.11953125
1 0.2578125 0.8484375 0.0515625 0.109375
0 0.1125 0.91953125 0.05859375 0.14921875
0 0.13046875 0.88828125 0.0484375 0.16171875
0 0.15 0.85546875 0.03046875 0.1546875
0 0.95546875 0.4796875 0.0234375 0.05546875
0 0.93671875 0.51953125 0.01328125 0.053125
0 0.95 0.52421875 0.01796875 0.059375
0 0.91953125 0.5171875 0.0125 0.05234375
0 0.90546875 0.4625 0.0140625 0.05
1 0.965625 0.51875 0.0140625 0.0484375
1 0.96328125 0.49296875 0.01328125 0.040625
1 0.98125 0.47578125 0.015625 0.040625
1 0.98515625 0.52421875 0.01875 0.040625
1 0.92265625 0.4703125 0.0140625 0.040625
1 0.93203125 0.46953125 0.02578125 0.04296875