0 0.58359375 0.19375 0.01875 0.053125
0 0.5984375 0.19296875 0.01640625 0.04375
0 0.64765625 0.19296875 0.01171875 0.05625
0 0.6515625 0.25390625 0.0109375 0.05546875
0 0.63359375 0.2515625 0.01171875 0.0546875
0 0.59609375 0.24765625 0.0125 0.05859375
0 0.58125 0.23046875 0.0109375 0.0265625
1 0.565625 0.2109375 0.0203125 0.04375
1 0.5671875 0.25625 0.01796875 0.03984375
1 0.5765625 0.253125 0.01484375 0.02578125
1 0.62578125 0.203125 0.01796875 0.0296875
1 0.6203125 0.234375 0.0125 0.034375
1 0.69140625 0.2640625 0.0265625 0.03203125
1 0.6703125 0.246875 0.0078125 0.03359375
1 0.17578125 0.27578125 0.04765625 0.07890625