0 0.096875 0.97890625 0.0375 0.0421875
0 0.11484375 0.95703125 0.03671875 0.0859375
0 0.153125 0.92734375 0.05625 0.1453125
0 0.94921875 0.540625 0.01953125 0.06953125
0 0.9640625 0.553125 0.01953125 0.071875
0 0.965625 0.48359375 0.015625 0.05078125
1 0.98046875 0.54140625 0.02265625 0.0359375
1 0.98984375 0.48671875 0.015625 0.02890625
1 0.946875 0.48515625 0.021875 0.02734375
1 0.9390625 0.5171875 0.01484375 0.02734375
1 0.99296875 0.5390625 0.0140625 0.04375
1 0.49296875 0.94375 0.05703125 0.1125