1 0.096875 0.25625 0.04921875 0.0859375
1 0.4890625 0.19296875 0.01796875 0.0609375
1 0.4953125 0.22578125 0.03046875 0.040625
1 0.55078125 0.1796875 0.02734375 0.05
1 0.540625 0.2109375 0.0078125 0.03359375
1 0.615625 0.23359375 0.02265625 0.03203125
1 0.59609375 0.22890625 0.0125 0.0453125
1 0.61015625 0.203125 0.0125 0.03515625
0 0.50546875 0.165625 0.01484375 0.0390625
0 0.52109375 0.1609375 0.01484375 0.05
0 0.525 0.22578125 0.0140625 0.04609375
0 0.5125 0.215625 0.01484375 0.03515625
0 0.571875 0.17578125 0.015625 0.065625
0 0.5515625 0.228125 0.0125 0.06171875
0 0.5703125 0.23125 0.01328125 0.05625