0 0.33515625 0.4671875 0.1359375 0.18984375
0 0.43671875 0.5 0.0265625 0.05
0 0.459375 0.5078125 0.0203125 0.0359375
0 0.50078125 0.70078125 0.025 0.08828125
0 0.53203125 0.70625 0.01953125 0.09296875
0 0.58671875 0.66796875 0.04453125 0.05
0 0.22578125 0.6984375 0.01640625 0.04375
0 0.246875 0.6984375 0.02578125 0.05390625
0 0.2640625 0.69921875 0.01953125 0.053125
0 0.28671875 0.70390625 0.03515625 0.05078125
0 0.259375 0.50546875 0.0203125 0.05
0 0.27421875 0.5125 0.01484375 0.04140625
1 0.36484375 0.6890625 0.02734375 0.04921875
1 0.57421875 0.7140625 0.0546875 0.075
1 0.62265625 0.709375 0.04453125 0.06953125