1 0.36953125 0.10703125 0.01875 0.03046875
1 0.04453125 0.40234375 0.02578125 0.04375
1 0.32109375 0.97890625 0.04765625 0.04140625
1 0.37109375 0.02890625 0.01875 0.0296875
1 0.659375 0.034375 0.01328125 0.01875
1 0.671875 0.03046875 0.01328125 0.0265625
0 0.08125 0.40390625 0.02890625 0.06328125
0 0.496875 0.8328125 0.03671875 0.08828125
0 0.4921875 0.95625 0.04140625 0.08671875
0 0.490625 0.9765625 0.0296875 0.04609375
0 0.5921875 0.9859375 0.02578125 0.028125
0 0.69296875 0.0328125 0.01640625 0.034375
0 0.70234375 0.04140625 0.0125 0.03984375