0 0.4 0.484375 0.09296875 0.24453125
0 0.4859375 0.51875 0.02890625 0.0546875
0 0.509375 0.52734375 0.02109375 0.03828125
0 0.5515625 0.72265625 0.02578125 0.08984375
0 0.58359375 0.728125 0.01953125 0.09296875
0 0.63671875 0.6890625 0.04453125 0.05
0 0.275 0.71796875 0.015625 0.040625
0 0.296875 0.71796875 0.02421875 0.05078125
0 0.31328125 0.71796875 0.01875 0.05078125
0 0.33671875 0.7234375 0.034375 0.05
1 0.41484375 0.709375 0.025 0.0453125
1 0.625 0.7359375 0.0546875 0.075
1 0.6734375 0.73125 0.04453125 0.06875
0 0.3078125 0.5140625 0.0203125 0.0390625
0 0.325 0.5296875 0.01953125 0.0390625