0 0.94453125 0.5109375 0.11015625 0.17265625
0 0.63046875 0.596875 0.0203125 0.0375
0 0.65078125 0.58359375 0.021875 0.06015625
0 0.5140625 0.82734375 0.01875 0.09375
0 0.53046875 0.81875 0.015625 0.10234375
0 0.56484375 0.8359375 0.0234375 0.10546875
0 0.58125 0.82890625 0.03046875 0.09921875
0 0.6078125 0.80859375 0.02578125 0.03984375
0 0.65546875 0.85390625 0.0328125 0.103125
0 0.68359375 0.86171875 0.02578125 0.0921875
0 0.7078125 0.86796875 0.03671875 0.115625
0 0.734375 0.86875 0.02421875 0.10703125
0 0.7671875 0.89375 0.02734375 0.0921875
0 0.63203125 0.71796875 0.04921875 0.0453125
1 0.53046875 0.70390625 0.046875 0.0421875
1 0.57578125 0.709375 0.034375 0.0328125