1 0.41015625 0.459375 0.096875 0.165625
1 0.83046875 0.3453125 0.05859375 0.09453125
0 0.915625 0.32890625 0.06328125 0.125
0 0.46640625 0.83203125 0.0453125 0.12109375
0 0.40859375 0.8296875 0.04765625 0.125
0 0.42734375 0.803125 0.04375 0.1515625
0 0.4796875 0.81328125 0.0375 0.1015625
1 0.675 0.51953125 0.03046875 0.03515625
1 0.7046875 0.52109375 0.03125 0.03671875
1 0.69609375 0.47109375 0.034375 0.05234375
1 0.67421875 0.496875 0.02890625 0.01015625
0 0.6390625 0.50390625 0.02578125 0.0734375
0 0.60859375 0.4984375 0.0234375 0.03984375
0 0.5 0.4375 0.0359375 0.08671875
0 0.4875 0.51953125 0.0296875 0.0765625
0 0.51171875 0.5078125 0.01875 0.05859375
0 0.52109375 0.490625 0.01796875 0.06875
0 0.61328125 0.48046875 0.01328125 0.03828125