1 0.440625 0.5125 0.1078125 0.2015625
1 0.83203125 0.346875 0.059375 0.084375
1 0.69765625 0.4640625 0.0375 0.059375
1 0.67421875 0.5125 0.03046875 0.04140625
1 0.70625 0.5140625 0.0328125 0.05234375
0 0.63984375 0.50625 0.02578125 0.0671875
0 0.465625 0.8421875 0.05078125 0.13828125
0 0.41640625 0.85 0.059375 0.16171875
0 0.425 0.80390625 0.04296875 0.15703125
0 0.47578125 0.80703125 0.0421875 0.12265625
0 0.50078125 0.4390625 0.025 0.0765625
0 0.51171875 0.5125 0.025 0.07265625
0 0.915625 0.325 0.059375 0.1296875
0 0.61015625 0.4953125 0.0203125 0.0453125
0 0.6140625 0.46640625 0.01328125 0.03671875