0 0.5046875 0.30859375 0.1828125 0.38046875
0 0.4109375 0.34296875 0.11171875 0.33203125
0 0.60625 0.6078125 0.08359375 0.25390625
0 0.921875 0.53203125 0.0421875 0.1
0 0.42890625 0.61875 0.06875 0.24296875
0 0.50078125 0.6109375 0.0890625 0.26015625
0 0.3578125 0.55546875 0.03984375 0.10625
1 0.20390625 0.45546875 0.1921875 0.2953125
1 0.0828125 0.4796875 0.05546875 0.24609375
1 0.33984375 0.66875 0.184375 0.15703125
1 0.15 0.690625 0.209375 0.18359375
1 0.01796875 0.65625 0.0359375 0.0734375
1 0.04375 0.68984375 0.0859375 0.1515625
1 0.73828125 0.4703125 0.1421875 0.20546875
1 0.85859375 0.475 0.09921875 0.17109375
1 0.634375 0.48515625 0.0703125 0.1703125
1 0.56015625 0.63125 0.03984375 0.0953125
1 0.6484375 0.61953125 0.05390625 0.1015625
1 0.73515625 0.6234375 0.15390625 0.12109375
1 0.846875 0.62265625 0.07109375 0.109375
1 0.8984375 0.60234375 0.1109375 0.09296875