0 0.3484375 0.56484375 0.13984375 0.16328125
0 0.45390625 0.55390625 0.025 0.046875
0 0.4328125 0.55390625 0.02109375 0.05078125
0 0.49609375 0.76015625 0.02890625 0.1015625
0 0.52578125 0.76171875 0.0203125 0.09453125
0 0.5875 0.71796875 0.04453125 0.05
0 0.2421875 0.75546875 0.02421875 0.0515625
0 0.290625 0.75 0.01796875 0.05
0 0.26953125 0.753125 0.034375 0.05
1 0.3609375 0.7453125 0.02421875 0.04453125
1 0.5703125 0.7671875 0.0546875 0.075
1 0.61953125 0.7671875 0.04453125 0.06953125
0 0.221875 0.7515625 0.02109375 0.040625