0 0.30703125 0.8328125 0.03046875 0.04375
0 0.34296875 0.82890625 0.03515625 0.03984375
0 0.3234375 0.63046875 0.0140625 0.02890625
0 0.3390625 0.6390625 0.0140625 0.03828125
0 0.41328125 0.60078125 0.09921875 0.225
0 0.4984375 0.625 0.02109375 0.05703125
0 0.51953125 0.6296875 0.02109375 0.04453125
0 0.565625 0.8296875 0.02578125 0.090625
0 0.6 0.83359375 0.0140625 0.08828125
1 0.63671875 0.83359375 0.053125 0.078125
1 0.6796875 0.8328125 0.04453125 0.065625
1 0.6671875 0.803125 0.0296875 0.040625