1 0.36953125 0.1875 0.01875 0.03046875
1 0.04453125 0.48125 0.02578125 0.04375
1 0.36953125 0.109375 0.01796875 0.03125
0 0.08125 0.48203125 0.02890625 0.06328125
0 0.496875 0.9125 0.03671875 0.08828125
0 0.49140625 0.996875 0.02109375 0.00546875
0 0.40703125 0.11171875 0.0171875 0.03984375
0 0.4484375 0.1125 0.01484375 0.046875
0 0.37734375 0.07109375 0.021875 0.03515625
0 0.6859375 0.11015625 0.01171875 0.0296875
0 0.69765625 0.115625 0.01328125 0.03984375
1 0.65703125 0.115625 0.0125 0.028125
1 0.6703125 0.1109375 0.0171875 0.0390625