0 0.3765625 0.47421875 0.13203125 0.21796875
0 0.475 0.5 0.0265625 0.05
0 0.4984375 0.50703125 0.02109375 0.03671875
0 0.54140625 0.70078125 0.02578125 0.090625
0 0.5734375 0.70546875 0.01953125 0.09296875
0 0.62734375 0.66640625 0.04453125 0.05
0 0.26484375 0.70078125 0.01640625 0.04296875
0 0.28671875 0.70078125 0.025 0.053125
0 0.303125 0.70078125 0.01953125 0.0515625
0 0.3265625 0.70546875 0.034375 0.05
1 0.4046875 0.69140625 0.02578125 0.0484375
1 0.61484375 0.71328125 0.0546875 0.075
1 0.66328125 0.70859375 0.04453125 0.06953125