0 0.33984375 0.4515625 0.09453125 0.228125
0 0.2265625 0.7015625 0.01953125 0.046875
0 0.24453125 0.70234375 0.03203125 0.05625
0 0.265625 0.7015625 0.01953125 0.053125
0 0.28984375 0.69921875 0.03125 0.053125
0 0.49921875 0.69921875 0.02109375 0.078125
0 0.52890625 0.70625 0.0234375 0.0890625
0 0.4359375 0.4984375 0.02578125 0.05
0 0.46171875 0.50390625 0.01796875 0.03984375
1 0.57265625 0.7078125 0.05703125 0.065625
1 0.62109375 0.70546875 0.04609375 0.059375
0 0.5890625 0.66796875 0.0421875 0.03046875