0 0.26171875 0.82265625 0.0296875 0.103125
0 0.28046875 0.81171875 0.02421875 0.09296875
0 0.31328125 0.825 0.02109375 0.10234375
0 0.334375 0.8234375 0.03125 0.09375
0 0.40234375 0.8328125 0.02890625 0.0890625
0 0.4265625 0.82734375 0.03515625 0.0921875
0 0.45546875 0.8359375 0.03203125 0.103125
0 0.48359375 0.834375 0.03359375 0.09609375
0 0.51953125 0.83515625 0.02734375 0.10390625
0 0.36796875 0.62578125 0.0515625 0.1453125
0 0.39296875 0.5921875 0.03046875 0.115625
0 0.56484375 0.38671875 0.1140625 0.17265625
1 0.19921875 0.82265625 0.02578125 0.0765625
1 0.275 0.684375 0.0453125 0.040625
1 0.2921875 0.63671875 0.03828125 0.034375
1 0.3140625 0.68984375 0.02734375 0.03671875