1 0.39765625 0.46640625 0.06171875 0.10625
0 0.1953125 0.71484375 0.034375 0.11640625
0 0.2171875 0.69296875 0.0171875 0.0734375
0 0.2578125 0.70234375 0.02421875 0.09140625
0 0.24140625 0.7203125 0.0140625 0.06015625
1 0.21875 0.6265625 0.02890625 0.0265625
1 0.275 0.68203125 0.0328125 0.04765625
1 0.29921875 0.7125 0.04921875 0.08203125
1 0.67109375 0.4234375 0.04375 0.08984375
1 0.6375 0.5609375 0.0203125 0.0375
1 0.65546875 0.5796875 0.02109375 0.03671875
1 0.6578125 0.53046875 0.03359375 0.04921875
1 0.778125 0.56171875 0.0359375 0.06015625
1 0.7328125 0.60625 0.028125 0.046875
1 0.75234375 0.590625 0.01875 0.03046875
1 0.76484375 0.6140625 0.02578125 0.04921875
1 0.7859375 0.60859375 0.0234375 0.04140625
1 0.803125 0.59609375 0.02265625 0.0421875
0 0.74140625 0.42109375 0.05546875 0.1203125