1 0.06953125 0.23984375 0.021875 0.0421875
1 0.075 0.2171875 0.0171875 0.02265625
1 0.059375 0.25625 0.02265625 0.040625
1 0.0828125 0.2609375 0.02265625 0.040625
1 0.025 0.31015625 0.02265625 0.03203125
1 0.01328125 0.29453125 0.02265625 0.03828125
1 0.0125 0.265625 0.02421875 0.028125
1 0.61328125 0.34765625 0.02734375 0.0421875
1 0.67890625 0.325 0.0234375 0.04921875
0 0.7515625 0.2921875 0.02421875 0.0578125
0 0.0140625 0.221875 0.0265625 0.0671875
0 0.109375 0.19140625 0.02109375 0.05546875