1 0.36953125 0.13828125 0.01875 0.03046875
1 0.04453125 0.4328125 0.02578125 0.04375
1 0.36953125 0.06328125 0.01875 0.0296875
0 0.08125 0.434375 0.02890625 0.06328125
0 0.496875 0.8640625 0.03671875 0.08828125
0 0.4921875 0.971875 0.04140625 0.05546875
0 0.490625 0.9921875 0.0296875 0.015625
0 0.40703125 0.06328125 0.0171875 0.040625
0 0.45078125 0.0609375 0.01484375 0.046875
0 0.68828125 0.06171875 0.00859375 0.0296875
0 0.69921875 0.06953125 0.01015625 0.04296875
1 0.659375 0.0609375 0.0140625 0.0296875
1 0.67265625 0.0609375 0.01953125 0.02890625
0 0.3765625 0.01953125 0.0203125 0.0296875