1 0.1265625 0.24140625 0.04921875 0.0859375
1 0.51875 0.18671875 0.0171875 0.0609375
1 0.58125 0.175 0.02734375 0.05
1 0.6453125 0.23046875 0.02265625 0.03203125
0 0.51953125 0.14765625 0.015625 0.053125
0 0.58515625 0.16328125 0.01328125 0.05859375
0 0.5671875 0.2203125 0.01328125 0.05546875
0 0.55390625 0.16328125 0.01484375 0.04375
0 0.53828125 0.1640625 0.01796875 0.05078125
0 0.54609375 0.2125 0.01015625 0.05078125
0 0.60078125 0.165625 0.0109375 0.046875
0 0.58046875 0.22265625 0.00703125 0.053125
0 0.60078125 0.2296875 0.01640625 0.059375