0 0.4 0.51796875 0.14296875 0.16640625
0 0.48359375 0.50859375 0.028125 0.05390625
0 0.5078125 0.51640625 0.02109375 0.03671875
0 0.55 0.7109375 0.02578125 0.08984375
0 0.58203125 0.71796875 0.01953125 0.09296875
0 0.63515625 0.67890625 0.04453125 0.05
0 0.2953125 0.7046875 0.025 0.0515625
0 0.31171875 0.70625 0.01875 0.0515625
0 0.334375 0.71015625 0.034375 0.05
1 0.4140625 0.69765625 0.02421875 0.0453125
1 0.6234375 0.72578125 0.0546875 0.075
1 0.67109375 0.72109375 0.04453125 0.06953125
0 0.3078125 0.50390625 0.01484375 0.04140625
0 0.3234375 0.515625 0.01796875 0.03125