1 0.4703125 0.909375 0.05546875 0.12265625
0 0.13984375 0.8984375 0.0390625 0.1546875
0 0.94921875 0.50546875 0.02265625 0.05390625
0 0.928125 0.54375 0.0140625 0.05390625
0 0.94375 0.553125 0.01640625 0.05546875
0 0.909375 0.5421875 0.0125 0.05390625
0 0.9015625 0.4890625 0.0140625 0.05
1 0.9578125 0.5453125 0.01484375 0.05
1 0.9609375 0.49375 0.0125 0.03671875
1 0.9734375 0.49765625 0.01328125 0.034375
1 0.9796875 0.55078125 0.01796875 0.0375
1 0.915625 0.49453125 0.01171875 0.0328125
1 0.92265625 0.49375 0.02578125 0.04296875
0 0.08984375 0.95 0.0453125 0.1
0 0.1125 0.928125 0.04609375 0.14296875