0 0.34609375 0.49609375 0.1375 0.16328125
0 0.4484375 0.48984375 0.0265625 0.05
0 0.4703125 0.49609375 0.0203125 0.0359375
0 0.51328125 0.68984375 0.025 0.0890625
0 0.54453125 0.69375 0.01953125 0.09375
0 0.5984375 0.6546875 0.04453125 0.05
0 0.23828125 0.690625 0.01640625 0.04453125
0 0.259375 0.68984375 0.02578125 0.05390625
0 0.27578125 0.690625 0.01953125 0.053125
0 0.29921875 0.69453125 0.034375 0.05
0 0.2703125 0.49609375 0.0203125 0.05
1 0.3765625 0.68046875 0.02734375 0.05
1 0.58671875 0.7015625 0.0546875 0.075
1 0.634375 0.69609375 0.04453125 0.06875