0 0.50390625 0.315625 0.171875 0.3625
0 0.4125 0.346875 0.10703125 0.31796875
0 0.496875 0.60703125 0.078125 0.25234375
0 0.60078125 0.6046875 0.07890625 0.24609375
0 0.42734375 0.6140625 0.0609375 0.228125
0 0.36015625 0.5625 0.04375 0.1
0 0.91015625 0.52890625 0.0359375 0.096875
1 0.2140625 0.45546875 0.190625 0.27421875
1 0.09453125 0.48359375 0.053125 0.22890625
1 0.15859375 0.69140625 0.2078125 0.184375
1 0.35 0.671875 0.17578125 0.16640625
1 0.03515625 0.68984375 0.040625 0.16328125
1 0.73203125 0.47734375 0.1390625 0.20234375
1 0.84453125 0.47578125 0.096875 0.16171875
1 0.72890625 0.61796875 0.14453125 0.10703125
1 0.83203125 0.6140625 0.075 0.09765625
1 0.88359375 0.603125 0.1109375 0.096875
1 0.64296875 0.61640625 0.04609375 0.1015625
1 0.62890625 0.484375 0.06953125 0.16640625
1 0.5578125 0.6203125 0.034375 0.09765625