0 0.33984375 0.50390625 0.1375 0.16328125
0 0.44140625 0.49609375 0.02734375 0.0515625
0 0.4640625 0.50390625 0.0203125 0.0359375
0 0.50625 0.69765625 0.025 0.08828125
0 0.53828125 0.703125 0.01953125 0.09296875
0 0.59140625 0.6640625 0.04453125 0.05
0 0.23046875 0.6984375 0.01640625 0.04453125
0 0.25234375 0.696875 0.02578125 0.05390625
0 0.26953125 0.696875 0.01953125 0.0515625
0 0.2921875 0.7015625 0.03515625 0.05078125
0 0.2640625 0.50390625 0.0203125 0.05
1 0.3703125 0.68828125 0.02734375 0.05
1 0.5796875 0.71015625 0.05390625 0.07421875
1 0.628125 0.7046875 0.04453125 0.06875