0 0.13203125 0.46875 0.03046875 0.0609375
0 0.24140625 0.18828125 0.01171875 0.04296875
0 0.2765625 0.16875 0.01484375 0.0359375
0 0.74453125 0.10859375 0.00859375 0.0265625
0 0.75 0.1046875 0.00859375 0.0296875
0 0.75859375 0.12421875 0.01171875 0.03203125
0 0.55546875 0.97421875 0.03046875 0.0515625
1 0.0984375 0.46640625 0.02734375 0.04609375
1 0.540625 0.9234375 0.0421875 0.06875
1 0.3203125 0.09453125 0.01796875 0.0265625
1 0.35 0.17421875 0.01640625 0.0296875
1 0.43359375 0.1109375 0.01171875 0.025
1 0.71484375 0.11875 0.01328125 0.02578125
1 0.7203125 0.09453125 0.01328125 0.01796875
1 0.72890625 0.12265625 0.01640625 0.03046875