0 0.39609375 0.515625 0.14296875 0.16640625
0 0.48046875 0.50625 0.02890625 0.05390625
0 0.50390625 0.51484375 0.02109375 0.03671875
0 0.546875 0.70859375 0.02578125 0.08984375
0 0.57890625 0.7140625 0.01953125 0.09140625
0 0.63203125 0.67578125 0.04453125 0.05
0 0.2703125 0.70546875 0.015625 0.04140625
0 0.2921875 0.70390625 0.025 0.053125
0 0.30859375 0.7046875 0.01875 0.0515625
0 0.33125 0.709375 0.034375 0.05
1 0.4109375 0.696875 0.02421875 0.0453125
1 0.61953125 0.72265625 0.0546875 0.075
1 0.66796875 0.71796875 0.04609375 0.0703125
0 0.30390625 0.50390625 0.015625 0.04296875
0 0.3203125 0.51484375 0.01796875 0.03125