1 0.721875 0.3171875 0.01796875 0.034375
1 0.7 0.321875 0.01328125 0.03828125
1 0.7015625 0.26796875 0.0078125 0.0546875
1 0.65 0.259375 0.01640625 0.04140625
1 0.6609375 0.27109375 0.02109375 0.03125
1 0.65234375 0.30390625 0.01171875 0.0390625
1 0.59609375 0.26953125 0.0125 0.02890625
1 0.60390625 0.3109375 0.01484375 0.0359375
1 0.20546875 0.3375 0.04765625 0.07890625
0 0.609375 0.25234375 0.01796875 0.034375
0 0.62421875 0.25703125 0.01640625 0.04921875
0 0.6234375 0.30859375 0.01484375 0.053125
0 0.6765625 0.26015625 0.01328125 0.0515625
0 0.6828125 0.321875 0.01484375 0.05703125
0 0.65859375 0.315625 0.01171875 0.046875