0 0.62734375 0.2625 0.05078125 0.12265625
0 0.6484375 0.2421875 0.02890625 0.12734375
0 0.66015625 0.22265625 0.0203125 0.11328125
0 0.60859375 0.23984375 0.02578125 0.12421875
0 0.38203125 0.234375 0.03359375 0.11640625
0 0.4015625 0.2359375 0.0171875 0.065625
1 0.58984375 0.25703125 0.053125 0.04765625
1 0.4859375 0.01875 0.0578125 0.03671875
1 0.62734375 0.17734375 0.04140625 0.03828125
1 0.55703125 0.19453125 0.03359375 0.07890625
1 0.33671875 0.21875 0.05 0.0671875
1 0.35703125 0.19765625 0.03359375 0.05078125
1 0.30234375 0.2171875 0.02734375 0.05078125
1 0.31640625 0.1921875 0.0328125 0.03125