0 0.38671875 0.55390625 0.140625 0.1640625
0 0.471875 0.54375 0.02890625 0.0546875
0 0.4953125 0.553125 0.02109375 0.03828125
0 0.5375 0.74765625 0.025 0.08828125
0 0.56953125 0.75234375 0.01953125 0.09375
0 0.62265625 0.71328125 0.04453125 0.05
0 0.28359375 0.74453125 0.025 0.053125
0 0.3 0.74453125 0.01796875 0.05078125
0 0.32265625 0.74921875 0.03359375 0.04921875
1 0.4 0.73671875 0.02578125 0.046875
1 0.6109375 0.759375 0.0546875 0.075
1 0.65859375 0.75625 0.04453125 0.06953125
0 0.2953125 0.54140625 0.015625 0.04296875
0 0.2625 0.74140625 0.02109375 0.04296875