0 0.3765625 0.46640625 0.09375 0.2453125
0 0.48359375 0.50703125 0.02890625 0.0546875
0 0.50703125 0.51484375 0.02109375 0.03671875
0 0.55 0.709375 0.02578125 0.090625
0 0.58203125 0.7140625 0.01953125 0.09296875
0 0.63515625 0.67421875 0.04453125 0.05
0 0.2734375 0.709375 0.015625 0.04296875
0 0.29453125 0.70859375 0.025 0.053125
0 0.31171875 0.709375 0.01875 0.0515625
0 0.33515625 0.71328125 0.034375 0.05
1 0.41328125 0.6984375 0.02578125 0.046875
1 0.6234375 0.7203125 0.0546875 0.07421875
1 0.671875 0.71640625 0.04453125 0.06953125
0 0.30546875 0.50546875 0.01953125 0.03828125
0 0.32265625 0.52109375 0.01953125 0.0390625