0 0.37421875 0.4734375 0.11875 0.23984375
0 0.4765625 0.50546875 0.02734375 0.05078125
0 0.49921875 0.51171875 0.02109375 0.03671875
0 0.5421875 0.70546875 0.02578125 0.090625
0 0.57421875 0.71171875 0.01953125 0.09140625
0 0.628125 0.67109375 0.04453125 0.05
0 0.26640625 0.70625 0.01640625 0.04296875
0 0.28828125 0.70625 0.025 0.053125
0 0.3046875 0.70546875 0.01953125 0.0515625
0 0.32734375 0.71015625 0.034375 0.05
1 0.40625 0.69609375 0.02578125 0.046875
1 0.61640625 0.71796875 0.0546875 0.075
1 0.66484375 0.7125 0.04453125 0.06953125