0 0.3484375 0.49453125 0.13671875 0.16328125
0 0.45078125 0.48828125 0.0265625 0.05
0 0.4734375 0.49375 0.0203125 0.0359375
0 0.51640625 0.68828125 0.025 0.0890625
0 0.54765625 0.69140625 0.01953125 0.09296875
0 0.6015625 0.653125 0.04453125 0.05
0 0.24140625 0.6890625 0.01640625 0.04453125
0 0.2625 0.68828125 0.02578125 0.05390625
0 0.27890625 0.68828125 0.01953125 0.053125
0 0.3015625 0.69296875 0.03515625 0.05078125
0 0.27265625 0.49609375 0.02109375 0.05078125
1 0.3796875 0.67890625 0.02734375 0.05
1 0.58984375 0.69921875 0.05390625 0.07421875
1 0.63828125 0.69375 0.04453125 0.06875