1 0.36953125 0.15703125 0.01875 0.03046875
1 0.04453125 0.4515625 0.02578125 0.04375
1 0.36953125 0.08203125 0.01875 0.0296875
0 0.08125 0.453125 0.02890625 0.06328125
0 0.496875 0.88203125 0.03671875 0.08828125
0 0.49140625 0.98125 0.02109375 0.03671875
0 0.40703125 0.08203125 0.0171875 0.03984375
0 0.45078125 0.07890625 0.01484375 0.046875
0 0.6875 0.0796875 0.00859375 0.0296875
0 0.69921875 0.08828125 0.01015625 0.04296875
1 0.659375 0.08046875 0.0140625 0.0296875
1 0.67265625 0.08046875 0.01953125 0.02890625
0 0.3765625 0.03828125 0.0203125 0.0296875