1 0.07734375 0.57421875 0.02265625 0.0359375
1 0.33125 0.32890625 0.0125 0.02734375
1 0.33046875 0.27421875 0.0109375 0.021875
1 0.66328125 0.89296875 0.03046875 0.05390625
1 0.55390625 0.26796875 0.0140625 0.02578125
1 0.56484375 0.26875 0.01484375 0.028125
0 0.1078125 0.571875 0.02265625 0.05078125
0 0.1890625 0.3453125 0.015625 0.03515625
0 0.44140625 0.8875 0.02734375 0.065625
1 0.4484375 0.87109375 0.02265625 0.046875
0 0.4390625 0.97421875 0.0171875 0.05
0 0.44140625 0.98671875 0.0109375 0.02421875
0 0.51796875 0.98984375 0.01953125 0.01796875
0 0.63828125 0.965625 0.03359375 0.05625
0 0.3625 0.26875 0.015625 0.0375
0 0.46328125 0.26796875 0.01484375 0.02734375
0 0.5890625 0.178125 0.0140625 0.021875
0 0.57578125 0.2578125 0.0078125 0.03046875
0 0.5890625 0.2625 0.009375 0.03125