1 0.39296875 0.46171875 0.0671875 0.11484375
1 0.66796875 0.421875 0.0515625 0.08359375
0 0.74140625 0.42265625 0.05546875 0.128125
1 0.7796875 0.56484375 0.0359375 0.06328125
1 0.73515625 0.59921875 0.0171875 0.04296875
1 0.7546875 0.58359375 0.015625 0.02421875
1 0.7640625 0.61171875 0.02734375 0.03984375
1 0.784375 0.60625 0.02109375 0.0375
1 0.80078125 0.59921875 0.02109375 0.0421875
1 0.6484375 0.57890625 0.02890625 0.0375
0 0.196875 0.715625 0.0359375 0.1203125
0 0.21796875 0.70078125 0.02421875 0.0953125
0 0.23984375 0.71328125 0.01484375 0.05625
0 0.25390625 0.69765625 0.02578125 0.0875
1 0.296875 0.71015625 0.04765625 0.08828125
1 0.2203125 0.62421875 0.02734375 0.0234375
1 0.6609375 0.5328125 0.02421875 0.0515625