0 0.74296875 0.42578125 0.06015625 0.1296875
0 0.19296875 0.71640625 0.03515625 0.11328125
0 0.2546875 0.7046875 0.02421875 0.090625
0 0.21640625 0.69921875 0.015625 0.0625
1 0.40625 0.4734375 0.06640625 0.109375
1 0.66875 0.42421875 0.0484375 0.08203125
1 0.29609375 0.7078125 0.04921875 0.071875
1 0.7828125 0.56015625 0.03359375 0.05546875
1 0.79921875 0.59921875 0.02890625 0.03203125
1 0.78046875 0.609375 0.03046875 0.03046875
1 0.76484375 0.6140625 0.0296875 0.0359375
1 0.646875 0.575 0.03046875 0.04765625
1 0.6625 0.53125 0.03125 0.04140625