0 0.375 0.4578125 0.09296875 0.24375
0 0.47734375 0.49609375 0.02890625 0.05390625
0 0.50078125 0.5046875 0.02109375 0.03671875
0 0.54375 0.69921875 0.02578125 0.090625
0 0.575 0.70546875 0.01953125 0.09140625
0 0.628125 0.66640625 0.04453125 0.05
0 0.2671875 0.69453125 0.01640625 0.04296875
0 0.2890625 0.69375 0.025 0.053125
0 0.30546875 0.69453125 0.01875 0.05078125
0 0.328125 0.69921875 0.03515625 0.05078125
1 0.40703125 0.68671875 0.02421875 0.0453125
1 0.61640625 0.71328125 0.0546875 0.075
1 0.66484375 0.709375 0.04453125 0.06953125
0 0.3 0.490625 0.01953125 0.03671875
0 0.315625 0.51015625 0.01796875 0.03515625