0 0.32734375 0.4390625 0.0890625 0.2359375
0 0.2265625 0.70078125 0.01953125 0.046875
0 0.24375 0.70078125 0.03203125 0.05625
0 0.26484375 0.69921875 0.01953125 0.053125
0 0.2890625 0.69765625 0.03125 0.053125
0 0.49765625 0.696875 0.02109375 0.078125
0 0.528125 0.70546875 0.0234375 0.0890625
0 0.434375 0.496875 0.02578125 0.05
0 0.46015625 0.50234375 0.01796875 0.03984375
1 0.571875 0.70703125 0.05703125 0.065625
1 0.6203125 0.7046875 0.04609375 0.059375
0 0.5875 0.66640625 0.0421875 0.03046875
0 0.259375 0.50703125 0.01640625 0.04921875
0 0.27265625 0.5125 0.01484375 0.03984375