0 0.340625 0.50078125 0.1375 0.16328125
0 0.4421875 0.49453125 0.0265625 0.05
0 0.465625 0.5015625 0.0203125 0.0359375
0 0.50703125 0.6953125 0.025 0.0890625
0 0.5390625 0.7 0.01953125 0.09296875
0 0.59296875 0.6609375 0.04453125 0.05
0 0.23125 0.69453125 0.01640625 0.04375
0 0.253125 0.69453125 0.02578125 0.05390625
0 0.2703125 0.69453125 0.01953125 0.053125
0 0.29296875 0.69921875 0.03515625 0.05078125
0 0.26484375 0.50078125 0.0203125 0.05
1 0.37109375 0.68515625 0.02734375 0.05
1 0.58046875 0.70703125 0.05390625 0.07421875
1 0.62890625 0.703125 0.04453125 0.06953125